2
4 6
cl bom dara minzy
2 dara minzy
2 cl minzy
2 cl dara
1 cl
2 bom dara
2 bom minzy
30 30
1 2 3 4 5 6 7 8 9 10 11 12 13 14 15 16 17 18 19 20 21 22 23 24 25 26 27 28 29 30
5 1 2 3 4 5
5 6 7 8 9 10
5 21 2 4 6 10
5 28 19 5 8 10
5 10 2 4 5 6
5 25 26 21 24 23
5 6 7 8 9 10
5 21 2 4 6 10
5 28 19 5 8 10
5 10 2 4 5 6
5 25 26 21 24 23
5 6 7 8 9 10
5 21 2 4 6 10
5 28 19 5 8 10
5 10 2 4 5 6
5 25 26 21 24 23
5 6 7 8 9 10
5 21 2 4 6 10
5 28 19 5 8 10
5 10 2 4 5 6
5 25 26 21 24 23
5 6 7 8 9 10
5 21 2 4 6 10
5 28 19 5 8 10
5 11 12 13 14 15
5 16 17 18 19 20
5 21 22 23 24 25
5 26 27 28 29 30
5 1 2 3 4 8
5 11 17 16 18 19